31038	2363	1485	5.72	0.96	n
41055	2363	1483	5.72	1.12	n
51071	2365	1483	5.55	1.12	n
61088	2354	1484	6.47	1.04	n
71105	2361	1483	5.89	1.12	n
81121	2362	1481	5.81	1.28	n
91138	2365	1485	5.55	0.96	n
101156	2365	1485	5.55	0.96	n
111172	2363	1485	5.72	0.96	n
121188	2363	1483	5.72	1.12	n
131204	2365	1484	5.55	1.04	n
141220	2367	1486	5.39	0.88	n
151237	2364	1484	5.64	1.04	n
161254	2365	1483	5.55	1.12	n
171270	2365	1485	5.55	0.96	n
181286	2366	1485	5.47	0.96	n
191302	2363	1486	5.72	0.88	n
201318	2362	1485	5.81	0.96	n
211334	2363	1482	5.72	1.20	n
221350	2363	1485	5.72	0.96	n
231366	2363	1485	5.72	0.96	n
241382	2366	1486	5.47	0.88	n
251398	2366	1487	5.47	0.79	n
261414	2363	1483	5.72	1.12	n
271431	2365	1485	5.55	0.96	n
281448	2366	1483	5.47	1.12	n
291465	2362	1485	5.81	0.96	n
301482	2365	1484	5.55	1.04	n
311498	2363	1485	5.72	0.96	n
321524	2364	1483	5.64	1.12	n
331540	2362	1483	5.81	1.12	n
341556	2365	1483	5.55	1.12	n
351573	2365	1485	5.55	0.96	n
361590	2366	1486	5.47	0.88	n
371606	2365	1485	5.55	0.96	n
381622	2365	1485	5.55	0.96	n
391643	2365	1484	5.55	1.04	n
401660	2366	1484	5.47	1.04	n
411677	2364	1484	5.64	1.04	n
421693	2366	1485	5.47	0.96	n
431710	2365	1485	5.55	0.96	n
441726	2365	1484	5.55	1.04	n
451744	2364	1485	5.64	0.96	n
461761	2365	1483	5.55	1.12	Time:00:00:00:00;;
471777	2365	1487	5.55	0.79	n
481794	2363	1484	5.72	1.04	n
491811	2363	1484	5.72	1.04	n
501828	2365	1485	5.55	0.96	n
511844	2364	1484	5.64	1.04	n
521860	2362	1485	5.81	0.96	Time:00:00:00:00;;
531876	2365	1486	5.55	0.88	n
541893	2365	1483	5.55	1.12	n
551910	2365	1483	5.55	1.12	n
561926	2366	1483	5.47	1.12	n
571943	2365	1485	5.55	0.96	n
581959	2366	1486	5.47	0.88	n
591976	2364	1485	5.64	0.96	n
601993	2365	1485	5.55	0.96	n
612010	2364	1483	5.64	1.12	n
622027	2363	1485	5.72	0.96	n
632043	2366	1486	5.47	0.88	n
642060	2364	1483	5.64	1.12	n
652077	2366	1486	5.47	0.88	n
662095	2366	1483	5.47	1.12	n
672111	2364	1484	5.64	1.04	Time:00:00:00:00;;
682128	2365	1486	5.55	0.88	n
692145	2365	1484	5.55	1.04	n
702162	2363	1484	5.72	1.04	n
712179	2367	1485	5.39	0.96	n
722195	2363	1485	5.72	0.96	n
732212	2367	1485	5.39	0.96	n
742228	2366	1483	5.47	1.12	n
752245	2367	1483	5.39	1.12	n
762262	2364	1485	5.64	0.96	n
772278	2365	1486	5.55	0.88	n
782295	2366	1485	5.47	0.96	n
792311	2366	1484	5.47	1.04	n
802328	2365	1485	5.55	0.96	n
812344	2365	1486	5.55	0.88	n
822361	2365	1485	5.55	0.96	n
832378	2367	1485	5.39	0.96	n
842394	2363	1485	5.72	0.96	n
852411	2367	1486	5.39	0.88	n
862427	2364	1482	5.64	1.20	n
872444	2365	1486	5.55	0.88	n
882460	2363	1485	5.72	0.96	n
892476	2363	1484	5.72	1.04	n
902493	2363	1485	5.72	0.96	n
912513	2365	1487	5.55	0.79	n
922530	2367	1485	5.39	0.96	n
932547	2363	1486	5.72	0.88	n
942563	2365	1485	5.55	0.96	n
952580	2363	1483	5.72	1.12	n
962606	2362	1483	5.81	1.12	n
972622	2365	1483	5.55	1.12	n
982644	2363	1484	5.72	1.04	n
992661	2366	1485	5.47	0.96	n
1002678	2365	1485	5.55	0.96	Time:00:00:00:00;;
1012695	2365	1485	5.55	0.96	n
1022712	2363	1483	5.72	1.12	n
1032729	2363	1483	5.72	1.12	n
1042745	2363	1485	5.72	0.96	n
1052762	2363	1483	5.72	1.12	n
1062779	2364	1483	5.64	1.12	Time:00:00:00:00;;
1072795	2366	1483	5.47	1.12	n
1082811	2365	1483	5.55	1.12	n
1092827	2363	1483	5.72	1.12	n
1102844	2363	1486	5.72	0.88	n
1112861	2366	1483	5.47	1.12	n
1122879	2366	1483	5.47	1.12	n
1132895	2363	1484	5.72	1.04	n
1142911	2363	1482	5.72	1.20	n
1152928	2365	1484	5.55	1.04	n
1162944	2365	1485	5.55	0.96	n
1172961	2363	1484	5.72	1.04	n
1182977	2363	1486	5.72	0.88	n
1192993	2363	1485	5.72	0.96	n
1203009	2365	1483	5.55	1.12	n
1213025	2363	1485	5.72	0.96	Time:00:00:00:00;;
1223041	2366	1485	5.47	0.96	n
1233058	2365	1485	5.55	0.96	n
1243074	2366	1485	5.47	0.96	n
1253090	2363	1483	5.72	1.12	n
1263107	2365	1485	5.55	0.96	n
1273124	2366	1485	5.47	0.96	n
1283140	2365	1483	5.55	1.12	n
1293157	2363	1483	5.72	1.12	n
1303173	2365	1485	5.55	0.96	n
1313189	2367	1485	5.39	0.96	n
1323206	2365	1484	5.55	1.04	n
1333224	2365	1484	5.55	1.04	n
1343240	2367	1485	5.39	0.96	n
1353257	2366	1486	5.47	0.88	n
1363273	2364	1485	5.64	0.96	n
1373290	2364	1483	5.64	1.12	n
1383306	2364	1487	5.64	0.79	n
1393323	2364	1483	5.64	1.12	n
1403339	2366	1484	5.47	1.04	n
1413355	2365	1486	5.55	0.88	n
1423371	2367	1485	5.39	0.96	n
1433388	2365	1485	5.55	0.96	n
1443405	2365	1486	5.55	0.88	n
1453422	2365	1482	5.55	1.20	n
1463438	2365	1486	5.55	0.88	n
1473454	2365	1486	5.55	0.88	n
1483470	2362	1485	5.81	0.96	n
1493486	2366	1486	5.47	0.88	n
1503503	2365	1484	5.55	1.04	n
1513521	2365	1486	5.55	0.88	n
1523538	2367	1484	5.39	1.04	n
1533554	2363	1485	5.72	0.96	n
1543571	2367	1485	5.39	0.96	n
1553587	2364	1483	5.64	1.12	n
1563604	2365	1485	5.55	0.96	n
1573622	2367	1485	5.39	0.96	n
1583642	2365	1487	5.55	0.79	n
1593658	2365	1485	5.55	0.96	n
1603675	2365	1483	5.55	1.12	n
1613691	2365	1486	5.55	0.88	n
1623707	2365	1485	5.55	0.96	n
1633724	2365	1483	5.55	1.12	n
1643741	2363	1484	5.72	1.04	n
1653757	2365	1485	5.55	0.96	n
1663774	2365	1486	5.55	0.88	n
1673790	2363	1485	5.72	0.96	n
1683806	2367	1487	5.39	0.79	n
1693822	2365	1485	5.55	0.96	n
1703838	2366	1485	5.47	0.96	n
1713854	2364	1485	5.64	0.96	n
1723870	2365	1483	5.55	1.12	n
1733886	2365	1485	5.55	0.96	n
1743902	2365	1486	5.55	0.88	n
1753918	2365	1485	5.55	0.96	n
1763934	2364	1485	5.64	0.96	n
1773950	2366	1485	5.47	0.96	n
1783966	2365	1486	5.55	0.88	n
1793983	2365	1486	5.55	0.88	n
1803999	2366	1483	5.47	1.12	n
1814017	2366	1485	5.47	0.96	n
1824033	2363	1485	5.72	0.96	n
1834049	2366	1487	5.47	0.79	n
1844065	2365	1485	5.55	0.96	n
1854082	2365	1485	5.55	0.96	n
1864098	2365	1484	5.55	1.04	n
1874114	2365	1484	5.55	1.04	n
1884131	2365	1485	5.55	0.96	n
1894147	2363	1486	5.72	0.88	n
1904164	2367	1486	5.39	0.88	n
1914182	2366	1485	5.47	0.96	n
1924199	2366	1482	5.47	1.20	n
1934216	2362	1484	5.81	1.04	n
1944232	2365	1484	5.55	1.04	n
1954248	2363	1484	5.72	1.04	n
1964265	2365	1485	5.55	0.96	n
1974282	2363	1483	5.72	1.12	n
1984298	2367	1486	5.39	0.88	n
1994314	2363	1485	5.72	0.96	n
2004330	2366	1487	5.47	0.79	Time:00:00:00:00;;
2014347	2365	1486	5.55	0.88	n
2024364	2365	1484	5.55	1.04	n
2034380	2367	1485	5.39	0.96	n
2044396	2366	1486	5.47	0.88	n
2054413	2366	1485	5.47	0.96	n
2064431	2366	1484	5.47	1.04	Time:00:00:00:00;;
2074447	2366	1483	5.47	1.12	n
2084464	2362	1486	5.81	0.88	n
2094481	2368	1485	5.30	0.96	n
2104497	2367	1486	5.39	0.88	n
2114519	2364	1485	5.64	0.96	n
2124537	2365	1485	5.55	0.96	n
2134554	2363	1483	5.72	1.12	n
2144571	2363	1482	5.72	1.20	n
2154589	2367	1483	5.39	1.12	n
2164606	2365	1484	5.55	1.04	n
2174622	2366	1485	5.47	0.96	n
2184644	2364	1484	5.64	1.04	n
2194661	2365	1483	5.55	1.12	n
2204677	2366	1483	5.47	1.12	n
2214694	2366	1487	5.47	0.79	Time:00:00:00:00;;
2224712	2366	1484	5.47	1.04	n
2234729	2366	1485	5.47	0.96	n
2244746	2366	1487	5.47	0.79	n
2254764	2366	1486	5.47	0.88	n
2264780	2367	1486	5.39	0.88	n
2274796	2363	1485	5.72	0.96	n
2284812	2366	1486	5.47	0.88	n
2294828	2365	1485	5.55	0.96	n
2304844	2366	1487	5.47	0.79	n
2314860	2365	1485	5.55	0.96	n
2324876	2366	1485	5.47	0.96	n
2334892	2367	1485	5.39	0.96	n
2344908	2365	1485	5.55	0.96	n
2354925	2365	1485	5.55	0.96	n
2364942	2365	1485	5.55	0.96	n
2374958	2367	1485	5.39	0.96	n
2384974	2365	1483	5.55	1.12	n
2394991	2366	1487	5.47	0.79	n
2405008	2365	1487	5.55	0.79	n
2415025	2367	1485	5.39	0.96	n
2425041	2365	1485	5.55	0.96	n
2435057	2363	1486	5.72	0.88	n
2445074	2364	1485	5.64	0.96	n
2455090	2364	1486	5.64	0.88	n
2465107	2366	1485	5.47	0.96	n
2475124	2365	1485	5.55	0.96	n
2485140	2366	1485	5.47	0.96	n
2495158	2366	1485	5.47	0.96	n
2505175	2366	1485	5.47	0.96	n
2515193	2366	1486	5.47	0.88	n
2525209	2367	1486	5.39	0.88	n
2535225	2366	1486	5.47	0.88	n
2545242	2365	1487	5.55	0.79	n
2555258	2365	1485	5.55	0.96	n
2565274	2366	1486	5.47	0.88	n
2575290	2363	1484	5.72	1.04	n
2585306	2366	1486	5.47	0.88	n
2595323	2366	1483	5.47	1.12	n
2605340	2365	1482	5.55	1.20	n
2615358	2365	1486	5.55	0.88	n
2625374	2365	1486	5.55	0.88	n
2635391	2366	1486	5.47	0.88	n
2645407	2365	1487	5.55	0.79	n
2655423	2363	1485	5.72	0.96	n
2665439	2367	1486	5.39	0.88	n
2675455	2365	1484	5.55	1.04	n
2685471	2366	1485	5.47	0.96	n
2695487	2367	1484	5.39	1.04	n
2705508	2365	1486	5.55	0.88	n
2715525	2365	1483	5.55	1.12	n
2725541	2366	1485	5.47	0.96	n
2735558	2366	1486	5.47	0.88	n
2745574	2368	1485	5.30	0.96	n
2755590	2365	1485	5.55	0.96	n
2765606	2366	1486	5.47	0.88	n
2775622	2365	1484	5.55	1.04	n
2785642	2367	1483	5.39	1.12	n
2795659	2363	1486	5.72	0.88	n
2805675	2365	1487	5.55	0.79	n
2815691	2365	1486	5.55	0.88	n
2825709	2365	1485	5.55	0.96	n
2835726	2365	1485	5.55	0.96	n
2845742	2366	1484	5.47	1.04	n
2855759	2366	1483	5.47	1.12	n
2865776	2365	1484	5.55	1.04	n
2875793	2367	1484	5.39	1.04	n
2885810	2365	1486	5.55	0.88	n
2895828	2365	1484	5.55	1.04	n
2905844	2366	1486	5.47	0.88	n
2915860	2364	1485	5.64	0.96	n
2925876	2364	1486	5.64	0.88	n
2935892	2365	1485	5.55	0.96	n
2945908	2363	1483	5.72	1.12	n
2955925	2365	1485	5.55	0.96	n
2965941	2367	1485	5.39	0.96	n
2975957	2366	1485	5.47	0.96	n
2985973	2366	1483	5.47	1.12	n
2995990	2365	1483	5.55	1.12	n
3006007	2365	1486	5.55	0.88	Time:00:00:00:00;;
3016023	2367	1485	5.39	0.96	n
3026039	2366	1485	5.47	0.96	n
3036057	2365	1485	5.55	0.96	n
3046074	2366	1485	5.47	0.96	n
3056091	2365	1485	5.55	0.96	n
3066109	2365	1485	5.55	0.96	Time:00:00:00:00;;
3076125	2365	1485	5.55	0.96	n
3086142	2367	1484	5.39	1.04	n
3096160	2365	1485	5.55	0.96	n
3106177	2366	1485	5.47	0.96	n
3116194	2363	1483	5.72	1.12	n
3126211	2366	1483	5.47	1.12	n
3136227	2365	1483	5.55	1.12	n
3146243	2366	1486	5.47	0.88	n
3156260	2362	1485	5.81	0.96	n
3166277	2367	1485	5.39	0.96	n
3176302	2365	1483	5.55	1.12	n
3186319	2367	1485	5.39	0.96	n
3196335	2365	1484	5.55	1.04	n
3206351	2363	1485	5.72	0.96	n
3216369	2367	1485	5.39	0.96	Time:00:00:00:00;;
3226385	2367	1487	5.39	0.79	n
3236402	2366	1485	5.47	0.96	n
3246418	2365	1483	5.55	1.12	n
3256434	2365	1485	5.55	0.96	n
3266451	2365	1485	5.55	0.96	n
3276467	2361	1485	5.89	0.96	n
3286483	2367	1487	5.39	0.79	n
3296501	2363	1484	5.72	1.04	n
3306519	2365	1486	5.55	0.88	n
3316537	2365	1484	5.55	1.04	n
3326553	2366	1485	5.47	0.96	n
3336569	2365	1485	5.55	0.96	n
3346585	2364	1485	5.64	0.96	n
3356602	2365	1484	5.55	1.04	n
3366618	2365	1484	5.55	1.04	n
3376636	2365	1485	5.55	0.96	n
3386656	2366	1483	5.47	1.12	n
3396672	2365	1483	5.55	1.12	n
3406689	2366	1485	5.47	0.96	n
3416705	2366	1484	5.47	1.04	n
3426721	2365	1485	5.55	0.96	n
3436738	2363	1484	5.72	1.04	n
3446755	2367	1483	5.39	1.12	n
3456772	2363	1484	5.72	1.04	n
3466788	2366	1488	5.47	0.71	n
3476804	2366	1485	5.47	0.96	n
3486820	2365	1483	5.55	1.12	n
3496837	2366	1487	5.47	0.79	n
3506853	2365	1483	5.55	1.12	n
3516870	2365	1485	5.55	0.96	n
3526887	2367	1485	5.39	0.96	n
3536903	2366	1485	5.47	0.96	n
3546919	2365	1485	5.55	0.96	n
3556935	2367	1484	5.39	1.04	n
3566952	2365	1485	5.55	0.96	n
3576968	2365	1485	5.55	0.96	n
3586984	2367	1485	5.39	0.96	n
3597000	2365	1485	5.55	0.96	n
3607016	2366	1486	5.47	0.88	n
3617032	2367	1485	5.39	0.96	n
3627050	2363	1486	5.72	0.88	n
3637066	2367	1485	5.39	0.96	n
3647082	2367	1486	5.39	0.88	n
3657099	2366	1485	5.47	0.96	n
3667115	2366	1485	5.47	0.96	n
3677131	2366	1483	5.47	1.12	n
3687147	2365	1487	5.55	0.79	n
3697164	2367	1486	5.39	0.88	n
3707180	2366	1485	5.47	0.96	n
3717197	2365	1483	5.55	1.12	n
3727215	2367	1486	5.39	0.88	n
3737231	2365	1485	5.55	0.96	n
3747248	2367	1485	5.39	0.96	n
3757264	2367	1485	5.39	0.96	n
3767281	2363	1486	5.72	0.88	n
3777297	2367	1487	5.39	0.79	n
3787313	2366	1485	5.47	0.96	n
3797329	2366	1483	5.47	1.12	n
3807346	2365	1485	5.55	0.96	n
3817362	2365	1487	5.55	0.79	n
3827378	2365	1487	5.55	0.79	n
3837394	2366	1486	5.47	0.88	n
3847411	2366	1483	5.47	1.12	n
3857428	2364	1486	5.64	0.88	n
3867446	2365	1485	5.55	0.96	n
3877463	2366	1485	5.47	0.96	n
3887480	2368	1485	5.30	0.96	n
3897496	2364	1485	5.64	0.96	n
3907515	2366	1485	5.47	0.96	n
3917532	2364	1486	5.64	0.88	n
3927548	2365	1486	5.55	0.88	n
3937565	2366	1485	5.47	0.96	n
3947581	2367	1486	5.39	0.88	n
3957598	2366	1485	5.47	0.96	n
3967615	2365	1488	5.55	0.71	n
3977633	2366	1486	5.47	0.88	n
3987653	2364	1485	5.64	0.96	n
3997671	2363	1483	5.72	1.12	n
4007688	2365	1485	5.55	0.96	Time:00:00:00:00;;
4017705	2365	1485	5.55	0.96	n
4027722	2365	1483	5.55	1.12	n
4037738	2365	1485	5.55	0.96	n
4047754	2367	1486	5.39	0.88	n
4057770	2368	1485	5.30	0.96	n
4067786	2366	1485	5.47	0.96	Time:00:00:00:00;;
4077802	2365	1485	5.55	0.96	n
4087818	2366	1485	5.47	0.96	n
4097834	2363	1485	5.72	0.96	n
4107851	2364	1485	5.64	0.96	n
4117867	2364	1487	5.64	0.79	n
4127883	2365	1485	5.55	0.96	n
4137907	2365	1487	5.55	0.79	n
4147923	2365	1484	5.55	1.04	n
4157939	2367	1485	5.39	0.96	n
4167956	2366	1487	5.47	0.79	n
4177972	2367	1486	5.39	0.88	n
4187988	2365	1485	5.55	0.96	n
4198006	2363	1483	5.72	1.12	n
4208024	2365	1485	5.55	0.96	n
4218040	2366	1486	5.47	0.88	Time:00:00:00:00;;
4228057	2365	1485	5.55	0.96	n
4238073	2364	1483	5.64	1.12	n
4248089	2365	1485	5.55	0.96	n
4258105	2366	1485	5.47	0.96	n
4268121	2365	1483	5.55	1.12	n
4278138	2367	1485	5.39	0.96	n
4288155	2366	1487	5.47	0.79	n
4298172	2365	1485	5.55	0.96	n
4308188	2366	1485	5.47	0.96	n
4318204	2366	1483	5.47	1.12	n
4328221	2366	1485	5.47	0.96	n
4338237	2366	1485	5.47	0.96	n
4348253	2366	1485	5.47	0.96	n
4358269	2368	1485	5.30	0.96	n
4368285	2364	1486	5.64	0.88	n
4378301	2367	1486	5.39	0.88	n
4388318	2366	1483	5.47	1.12	n
4398335	2367	1486	5.39	0.88	n
4408352	2366	1486	5.47	0.88	n
4418368	2365	1485	5.55	0.96	n
4428384	2365	1483	5.55	1.12	n
4438400	2365	1484	5.55	1.04	n
4448417	2365	1484	5.55	1.04	n
4458434	2363	1482	5.72	1.20	n
4468450	2367	1483	5.39	1.12	n
4478468	2362	1486	5.81	0.88	n
4488484	2367	1485	5.39	0.96	n
4498503	2367	1485	5.39	0.96	n
4508519	2367	1487	5.39	0.79	n
4518536	2365	1485	5.55	0.96	n
4528552	2365	1485	5.55	0.96	n
4538568	2365	1485	5.55	0.96	n
4548585	2365	1485	5.55	0.96	n
4558601	2367	1486	5.39	0.88	n
4568618	2367	1485	5.39	0.96	n
4578635	2366	1485	5.47	0.96	n
4588655	2367	1485	5.39	0.96	n
4598672	2365	1484	5.55	1.04	n
4608689	2363	1485	5.72	0.96	n
4618705	2365	1486	5.55	0.88	n
4628722	2368	1487	5.30	0.79	n
4638739	2363	1486	5.72	0.88	n
4648755	2367	1486	5.39	0.88	n
4658772	2365	1487	5.55	0.79	n
4668788	2367	1487	5.39	0.79	n
4678806	2368	1485	5.30	0.96	n
4688822	2367	1485	5.39	0.96	n
4698838	2365	1486	5.55	0.88	n
4708854	2363	1485	5.72	0.96	n
4718872	2365	1484	5.55	1.04	n
4728888	2367	1487	5.39	0.79	n
4738905	2367	1486	5.39	0.88	n
4748921	2363	1485	5.72	0.96	n
4758937	2365	1485	5.55	0.96	n
4768953	2365	1486	5.55	0.88	n
4778971	2366	1486	5.47	0.88	n
4788987	2366	1486	5.47	0.88	n
4799003	2364	1484	5.64	1.04	n
4809020	2366	1486	5.47	0.88	n
4819037	2367	1487	5.39	0.79	n
4829053	2367	1485	5.39	0.96	n
4839069	2368	1486	5.30	0.88	n
4849085	2366	1486	5.47	0.88	n
4859102	2366	1487	5.47	0.79	n
4869118	2366	1486	5.47	0.88	n
4879135	2366	1486	5.47	0.88	n
4889151	2366	1486	5.47	0.88	n
4899169	2365	1486	5.55	0.88	n
4909185	2366	1483	5.47	1.12	n
4919202	2367	1485	5.39	0.96	n
4929218	2367	1486	5.39	0.88	n
4939234	2366	1485	5.47	0.96	n
4949251	2365	1485	5.55	0.96	n
4959268	2365	1485	5.55	0.96	n
4969285	2365	1483	5.55	1.12	n
4979302	2365	1486	5.55	0.88	n
4989318	2366	1484	5.47	1.04	n
4999334	2366	1484	5.47	1.04	n
5009351	2365	1485	5.55	0.96	Time:00:00:00:00;;
5019368	2366	1485	5.47	0.96	n
5029386	2367	1485	5.39	0.96	n
5039403	2366	1487	5.47	0.79	n
5049419	2366	1485	5.47	0.96	n
5059436	2364	1485	5.64	0.96	Time:00:00:00:00;;
5069452	2365	1484	5.55	1.04	n
5079468	2365	1486	5.55	0.88	n
5089485	2367	1485	5.39	0.96	n
5099503	2365	1485	5.55	0.96	n
5109520	2365	1486	5.55	0.88	n
5119538	2367	1485	5.39	0.96	n
5129554	2363	1484	5.72	1.04	n
5139570	2367	1485	5.39	0.96	n
5149587	2366	1485	5.47	0.96	n
5159603	2366	1484	5.47	1.04	n
5169620	2367	1485	5.39	0.96	n
5179642	2367	1486	5.39	0.88	n
5189659	2365	1485	5.55	0.96	n
5199675	2366	1486	5.47	0.88	n
5209692	2369	1484	5.22	1.04	n
5219708	2368	1486	5.30	0.88	Time:00:00:00:00;;
5229725	2366	1485	5.47	0.96	n
5239741	2366	1485	5.47	0.96	n
5249757	2366	1485	5.47	0.96	n
5259775	2367	1487	5.39	0.79	n
5269791	2367	1487	5.39	0.79	n
5279807	2366	1487	5.47	0.79	n
5289823	2368	1487	5.30	0.79	n
5299839	2368	1487	5.30	0.79	n
5309855	2368	1487	5.30	0.79	n
5319871	2367	1487	5.39	0.79	n
5329887	2367	1485	5.39	0.96	n
5339905	2367	1487	5.39	0.79	n
5349922	2366	1486	5.47	0.88	n
5359938	2367	1487	5.39	0.79	n
5369954	2366	1485	5.47	0.96	n
5379970	2367	1485	5.39	0.96	n
5389986	2367	1487	5.39	0.79	n
5400002	2365	1486	5.55	0.88	n
5410018	2367	1484	5.39	1.04	n
5420034	2367	1487	5.39	0.79	n
5430051	2366	1486	5.47	0.88	n
5440068	2365	1485	5.55	0.96	n
5450084	2367	1487	5.39	0.79	n
5460100	2367	1487	5.39	0.79	n
5470117	2367	1486	5.39	0.88	n
5480134	2366	1487	5.47	0.79	n
5490150	2367	1485	5.39	0.96	n
5500167	2367	1485	5.39	0.96	n
5510184	2366	1484	5.47	1.04	n
5520201	2366	1488	5.47	0.71	n
5530218	2367	1486	5.39	0.88	n
5540234	2367	1486	5.39	0.88	n
5550251	2366	1486	5.47	0.88	n
5560268	2368	1487	5.30	0.79	n
5570284	2367	1487	5.39	0.79	n
5580300	2368	1486	5.30	0.88	n
5590316	2370	1487	5.14	0.79	n
5600332	2367	1488	5.39	0.71	n
5610348	2367	1485	5.39	0.96	n
5620364	2367	1488	5.39	0.71	n
5630381	2367	1488	5.39	0.71	n
5640398	2367	1486	5.39	0.88	n
5650414	2367	1487	5.39	0.79	n
5660431	2367	1485	5.39	0.96	n
5670448	2367	1486	5.39	0.88	n
5680464	2366	1485	5.47	0.96	n
5690481	2369	1486	5.22	0.88	n
5700497	2365	1486	5.55	0.88	n
5710520	2366	1486	5.47	0.88	n
5720536	2367	1486	5.39	0.88	n
5730552	2366	1486	5.47	0.88	n
5740569	2368	1486	5.30	0.88	n
5750585	2367	1485	5.39	0.96	n
5760603	2365	1485	5.55	0.96	n
5770620	2367	1486	5.39	0.88	n
5780642	2367	1485	5.39	0.96	n
5790659	2367	1486	5.39	0.88	n
5800675	2367	1487	5.39	0.79	n
5810691	2367	1487	5.39	0.79	n
5820707	2367	1487	5.39	0.79	n
5830724	2367	1487	5.39	0.79	n
5840740	2367	1488	5.39	0.71	n
5850756	2368	1487	5.30	0.79	n
5860772	2368	1485	5.30	0.96	n
5870788	2369	1487	5.22	0.79	n
5880804	2367	1486	5.39	0.88	n
5890821	2366	1485	5.47	0.96	n
5900839	2368	1487	5.30	0.79	n
5910856	2368	1487	5.30	0.79	n
5920874	2367	1487	5.39	0.79	n
5930890	2365	1486	5.55	0.88	n
5940906	2368	1487	5.30	0.79	n
5950922	2366	1485	5.47	0.96	n
5960940	2367	1486	5.39	0.88	n
5970956	2368	1487	5.30	0.79	n
5980972	2367	1487	5.39	0.79	n
5990988	2368	1485	5.30	0.96	n
6001005	2367	1486	5.39	0.88	n
6011021	2365	1485	5.55	0.96	Time:00:00:00:00;;
6021038	2367	1487	5.39	0.79	n
6031055	2368	1485	5.30	0.96	n
6041080	2367	1486	5.39	0.88	n
6051097	2367	1486	5.39	0.88	n
6061114	2369	1487	5.22	0.79	Time:00:00:00:00;;
6071130	2368	1487	5.30	0.79	n
6081147	2367	1486	5.39	0.88	n
6091164	2367	1486	5.39	0.88	n
6101180	2367	1486	5.39	0.88	n
6111196	2366	1487	5.47	0.79	n
6121213	2368	1487	5.30	0.79	n
6131229	2368	1487	5.30	0.79	n
6141246	2367	1487	5.39	0.79	n
6151262	2368	1486	5.30	0.88	n
6161278	2368	1488	5.30	0.71	n
6171294	2367	1487	5.39	0.79	n
6181310	2367	1487	5.39	0.79	n
6191327	2367	1486	5.39	0.88	n
6201344	2368	1486	5.30	0.88	n
6211361	2367	1487	5.39	0.79	Time:00:00:00:00;;
6221378	2368	1487	5.30	0.79	n
6231396	2366	1485	5.47	0.96	n
6241413	2367	1487	5.39	0.79	n
6251429	2368	1486	5.30	0.88	n
6261445	2367	1487	5.39	0.79	n
6271461	2366	1487	5.47	0.79	n
6281479	2370	1487	5.14	0.79	n
6291496	2366	1487	5.47	0.79	n
6301516	2367	1486	5.39	0.88	n
6311533	2368	1487	5.30	0.79	n
6321549	2368	1487	5.30	0.79	n
6331567	2367	1487	5.39	0.79	n
6341583	2367	1485	5.39	0.96	n
6351600	2367	1486	5.39	0.88	n
6361616	2368	1487	5.30	0.79	n
6371632	2368	1485	5.30	0.96	n
6381653	2367	1485	5.39	0.96	n
6391671	2368	1487	5.30	0.79	n
6401687	2367	1487	5.39	0.79	n
6411703	2366	1488	5.47	0.71	n
6421719	2368	1487	5.30	0.79	n
6431736	2367	1485	5.39	0.96	n
6441752	2366	1487	5.47	0.79	n
6451768	2367	1488	5.39	0.71	n
6461786	2367	1486	5.39	0.88	n
6471803	2367	1486	5.39	0.88	n
6481819	2365	1486	5.55	0.88	n
6491835	2367	1485	5.39	0.96	n
6501851	2366	1487	5.47	0.79	n
6511867	2366	1487	5.47	0.79	n
6521883	2366	1487	5.47	0.79	n
6531900	2366	1485	5.47	0.96	n
6541916	2367	1485	5.39	0.96	n
6551932	2367	1487	5.39	0.79	n
6561948	2368	1485	5.30	0.96	n
6571964	2366	1485	5.47	0.96	n
6581982	2367	1485	5.39	0.96	n
6591999	2367	1486	5.39	0.88	n
6602015	2367	1486	5.39	0.88	n
6612031	2367	1487	5.39	0.79	n
6622047	2367	1485	5.39	0.96	n
6632063	2367	1487	5.39	0.79	n
6642080	2365	1486	5.55	0.88	n
6652097	2367	1487	5.39	0.79	n
6662114	2367	1487	5.39	0.79	n
6672131	2367	1486	5.39	0.88	n
6682148	2367	1486	5.39	0.88	n
6692164	2368	1487	5.30	0.79	n
6702181	2368	1486	5.30	0.88	n
6712198	2367	1488	5.39	0.71	n
6722214	2367	1488	5.39	0.71	n
6732231	2365	1486	5.55	0.88	n
6742247	2367	1487	5.39	0.79	n
6752264	2365	1487	5.55	0.79	n
6762281	2366	1485	5.47	0.96	n
6772297	2368	1486	5.30	0.88	n
6782313	2368	1487	5.30	0.79	n
6792329	2367	1486	5.39	0.88	n
6802347	2368	1485	5.30	0.96	n
6812364	2367	1487	5.39	0.79	n
6822381	2369	1485	5.22	0.96	n
6832397	2368	1487	5.30	0.79	n
6842414	2367	1487	5.39	0.79	n
6852431	2365	1486	5.55	0.88	n
6862447	2367	1487	5.39	0.79	n
6872464	2366	1486	5.47	0.88	n
6882481	2370	1485	5.14	0.96	n
6892498	2367	1488	5.39	0.71	n
6902519	2368	1487	5.30	0.79	n
6912535	2368	1487	5.30	0.79	n
6922552	2366	1485	5.47	0.96	n
6932569	2368	1487	5.30	0.79	n
6942585	2368	1488	5.30	0.71	n
6952601	2368	1486	5.30	0.88	n
6962618	2366	1485	5.47	0.96	n
6972635	2367	1485	5.39	0.96	n
6982655	2367	1486	5.39	0.88	n
6992673	2368	1486	5.30	0.88	n
7002690	2367	1486	5.39	0.88	Time:00:00:00:00;;
7012706	2368	1486	5.30	0.88	n
7022722	2368	1486	5.30	0.88	n
7032739	2368	1486	5.30	0.88	n
7042756	2368	1487	5.30	0.79	n
7052772	2368	1487	5.30	0.79	n
7062789	2367	1487	5.39	0.79	Time:00:00:00:00;;
7072806	2366	1486	5.47	0.88	n
7082822	2367	1485	5.39	0.96	n
7092840	2366	1486	5.47	0.88	n
7102856	2367	1487	5.39	0.79	n
7112873	2367	1487	5.39	0.79	n
7122890	2367	1487	5.39	0.79	n
7132906	2367	1487	5.39	0.79	n
7142922	2366	1487	5.47	0.79	n
7152940	2367	1487	5.39	0.79	n
7162957	2368	1486	5.30	0.88	n
7172974	2368	1486	5.30	0.88	n
7182991	2367	1488	5.39	0.71	n
7193007	2367	1487	5.39	0.79	n
7203024	2368	1485	5.30	0.96	n
7213041	2367	1485	5.39	0.96	Time:00:00:00:00;;
7223058	2367	1485	5.39	0.96	n
7233074	2369	1487	5.22	0.79	n
7243090	2368	1488	5.30	0.71	n
7253107	2368	1487	5.30	0.79	n
7263123	2366	1486	5.47	0.88	n
7273139	2367	1487	5.39	0.79	n
7283156	2369	1487	5.22	0.79	n
7293173	2368	1487	5.30	0.79	n
7303190	2368	1487	5.30	0.79	n
7313206	2367	1487	5.39	0.79	n
7323223	2368	1487	5.30	0.79	n
7333240	2368	1488	5.30	0.71	n
7343256	2368	1486	5.30	0.88	n
7353273	2366	1486	5.47	0.88	n
7363290	2368	1487	5.30	0.79	n
7373306	2368	1487	5.30	0.79	n
7383322	2367	1486	5.39	0.88	n
7393339	2367	1487	5.39	0.79	n
7403355	2368	1487	5.30	0.79	n
7413372	2368	1487	5.30	0.79	n
7423389	2367	1487	5.39	0.79	n
7433405	2368	1487	5.30	0.79	n
7443421	2368	1487	5.30	0.79	n
7453438	2368	1488	5.30	0.71	n
7463454	2368	1486	5.30	0.88	n
7473471	2367	1487	5.39	0.79	n
7483487	2369	1485	5.22	0.96	n
7493508	2368	1486	5.30	0.88	n
7503525	2366	1485	5.47	0.96	n
7513541	2366	1483	5.47	1.12	n
7523558	2367	1486	5.39	0.88	n
7533575	2366	1485	5.47	0.96	n
7543591	2367	1485	5.39	0.96	n
7553607	2367	1486	5.39	0.88	n
7563625	2367	1488	5.39	0.71	n
7573645	2366	1487	5.47	0.79	n
7583662	2367	1485	5.39	0.96	n
7593679	2368	1488	5.30	0.71	n
7603695	2367	1487	5.39	0.79	n
7613712	2368	1486	5.30	0.88	n
7623728	2367	1487	5.39	0.79	n
7633744	2368	1486	5.30	0.88	n
7643761	2367	1485	5.39	0.96	n
7653778	2366	1486	5.47	0.88	n
7663794	2368	1486	5.30	0.88	n
7673810	2368	1486	5.30	0.88	n
7683826	2367	1487	5.39	0.79	n
7693842	2367	1485	5.39	0.96	n
7703858	2367	1485	5.39	0.96	n
7713874	2367	1486	5.39	0.88	n
7723890	2368	1487	5.30	0.79	n
7733906	2367	1486	5.39	0.88	n
7743922	2368	1487	5.30	0.79	n
7753938	2367	1486	5.39	0.88	n
7763954	2368	1486	5.30	0.88	n
7773970	2367	1487	5.39	0.79	n
7783986	2367	1487	5.39	0.79	n
7794002	2366	1487	5.47	0.79	n
7804018	2368	1486	5.30	0.88	n
7814035	2368	1487	5.30	0.79	n
7824051	2367	1487	5.39	0.79	n
7834068	2367	1487	5.39	0.79	n
7844084	2367	1486	5.39	0.88	n
7854100	2367	1486	5.39	0.88	n
7864117	2368	1487	5.30	0.79	n
7874134	2366	1485	5.47	0.96	n
7884150	2368	1485	5.30	0.96	n
7894167	2365	1486	5.55	0.88	n
7904184	2368	1487	5.30	0.79	n
7914202	2368	1487	5.30	0.79	n
7924218	2365	1487	5.55	0.79	n
7934234	2367	1487	5.39	0.79	n
7944251	2369	1488	5.22	0.71	n
7954267	2367	1486	5.39	0.88	n
7964283	2366	1485	5.47	0.96	n
7974301	2368	1487	5.30	0.79	n
7984318	2369	1487	5.22	0.79	n
7994335	2368	1487	5.30	0.79	n
8004351	2366	1486	5.47	0.88	Time:00:00:00:00;;
8014368	2368	1487	5.30	0.79	n
8024385	2367	1487	5.39	0.79	n
8034402	2367	1486	5.39	0.88	n
8044419	2367	1485	5.39	0.96	n
8054436	2367	1486	5.39	0.88	n
8064452	2367	1485	5.39	0.96	Time:00:00:00:00;;
8074468	2366	1486	5.47	0.88	n
8084485	2367	1483	5.39	1.12	n
8094503	2367	1487	5.39	0.79	n
8104520	2367	1486	5.39	0.88	n
8114538	2368	1486	5.30	0.88	n
8124555	2366	1484	5.47	1.04	n
8134572	2367	1486	5.39	0.88	n
8144590	2365	1487	5.55	0.79	n
8154608	2365	1485	5.55	0.96	n
8164624	2367	1487	5.39	0.79	n
8174645	2367	1485	5.39	0.96	n
8184662	2367	1485	5.39	0.96	n
8194679	2367	1487	5.39	0.79	n
8204695	2368	1487	5.30	0.79	n
8214713	2368	1485	5.30	0.96	Time:00:00:00:00;;
8224729	2368	1485	5.30	0.96	n
8234746	2367	1486	5.39	0.88	n
8244764	2365	1485	5.55	0.96	n
8254780	2368	1487	5.30	0.79	n
8264796	2369	1487	5.22	0.79	n
8274812	2366	1486	5.47	0.88	n
8284830	2367	1486	5.39	0.88	n
8294846	2367	1482	5.39	1.20	n
8304862	2366	1486	5.47	0.88	n
8314878	2367	1486	5.39	0.88	n
8324896	2367	1483	5.39	1.12	n
8334913	2366	1485	5.47	0.96	n
8344929	2368	1485	5.30	0.96	n
8354945	2365	1486	5.55	0.88	n
8364961	2367	1488	5.39	0.71	n
8374977	2366	1486	5.47	0.88	n
8384993	2365	1487	5.55	0.79	n
8395010	2367	1486	5.39	0.88	n
8405026	2367	1487	5.39	0.79	n
8415042	2368	1486	5.30	0.88	n
8425058	2366	1485	5.47	0.96	n
8435074	2367	1487	5.39	0.79	n
8445091	2366	1486	5.47	0.88	n
8455107	2367	1486	5.39	0.88	n
8465124	2366	1487	5.47	0.79	n
8475140	2367	1486	5.39	0.88	n
8485158	2365	1486	5.55	0.88	n
8495175	2367	1484	5.39	1.04	n
8505191	2367	1488	5.39	0.71	n
8515207	2368	1487	5.30	0.79	n
8525224	2365	1487	5.55	0.79	n
8535240	2367	1486	5.39	0.88	n
8545257	2367	1486	5.39	0.88	n
8555274	2367	1487	5.39	0.79	n
8565291	2367	1486	5.39	0.88	n
8575307	2366	1485	5.47	0.96	n
8585324	2367	1485	5.39	0.96	n
8595340	2366	1486	5.47	0.88	n
8605358	2367	1486	5.39	0.88	n
8615375	2366	1484	5.47	1.04	n
8625392	2366	1486	5.47	0.88	n
8635408	2368	1486	5.30	0.88	n
8645425	2367	1486	5.39	0.88	n
8655441	2368	1488	5.30	0.71	n
8665458	2368	1486	5.30	0.88	n
8675474	2365	1486	5.55	0.88	n
8685491	2367	1487	5.39	0.79	n
8695513	2366	1486	5.47	0.88	n
8705529	2368	1486	5.30	0.88	n
8715546	2367	1486	5.39	0.88	n
8725562	2367	1485	5.39	0.96	n
8735578	2367	1487	5.39	0.79	n
8745595	2368	1487	5.30	0.79	n
8755611	2368	1486	5.30	0.88	n
8765627	2367	1484	5.39	1.04	n
8775647	2367	1487	5.39	0.79	n
8785665	2367	1485	5.39	0.96	n
8795681	2366	1486	5.47	0.88	n
8805697	2367	1487	5.39	0.79	n
8815713	2366	1486	5.47	0.88	n
8825729	2367	1485	5.39	0.96	n
8835745	2368	1487	5.30	0.79	n
8845761	2368	1486	5.30	0.88	n
8855777	2366	1486	5.47	0.88	n
8865795	2367	1487	5.39	0.79	n
8875811	2367	1486	5.39	0.88	n
8885827	2367	1487	5.39	0.79	n
8895844	2367	1486	5.39	0.88	n
8905860	2367	1486	5.39	0.88	n
8915876	2367	1487	5.39	0.79	n
8925893	2367	1485	5.39	0.96	n
8935910	2367	1488	5.39	0.71	n
8945926	2367	1485	5.39	0.96	n
8955943	2368	1486	5.30	0.88	n
8965959	2365	1485	5.55	0.96	n
8975975	2367	1485	5.39	0.96	n
8985992	2366	1486	5.47	0.88	n
8996008	2367	1486	5.39	0.88	n
9006024	2366	1487	5.47	0.79	Time:00:00:00:00;;
9016041	2366	1486	5.47	0.88	n
9026058	2366	1488	5.47	0.71	n
9036074	2367	1487	5.39	0.79	n
9046090	2367	1486	5.39	0.88	n
9056107	2368	1486	5.30	0.88	n
9066124	2367	1486	5.39	0.88	Time:00:00:00:00;;
9076141	2367	1487	5.39	0.79	n
9086159	2366	1485	5.47	0.96	n
9096176	2367	1485	5.39	0.96	n
9106193	2368	1486	5.30	0.88	n
9116210	2365	1485	5.55	0.96	n
9126226	2366	1488	5.47	0.71	n
9136244	2367	1487	5.39	0.79	n
9146260	2367	1487	5.39	0.79	n
9156277	2364	1485	5.64	0.96	n
9166295	2367	1487	5.39	0.79	n
9176311	2365	1487	5.55	0.79	n
9186327	2367	1485	5.39	0.96	n
9196344	2367	1486	5.39	0.88	n
9206360	2367	1486	5.39	0.88	n
9216377	2364	1485	5.64	0.96	Time:00:00:00:00;;
9226393	2366	1485	5.47	0.96	n
9236410	2367	1486	5.39	0.88	n
9246426	2368	1486	5.30	0.88	n
9256442	2367	1487	5.39	0.79	n
9266459	2367	1486	5.39	0.88	n
9276476	2365	1487	5.55	0.79	n
9286492	2367	1486	5.39	0.88	n
9296513	2367	1485	5.39	0.96	n
9306529	2367	1487	5.39	0.79	n
9316545	2367	1487	5.39	0.79	n
9326562	2368	1487	5.30	0.79	n
9336578	2367	1485	5.39	0.96	n
9346594	2369	1484	5.22	1.04	n
9356610	2368	1487	5.30	0.79	n
9366626	2368	1486	5.30	0.88	n
9376648	2367	1486	5.39	0.88	n
9386666	2368	1486	5.30	0.88	n
9396682	2366	1487	5.47	0.79	n
9406699	2367	1487	5.39	0.79	n
9416716	2368	1486	5.30	0.88	n
9426732	2368	1487	5.30	0.79	n
9436748	2368	1486	5.30	0.88	n
9446764	2368	1485	5.30	0.96	n
9456780	2368	1487	5.30	0.79	n
9466796	2368	1488	5.30	0.71	n
9476812	2365	1486	5.55	0.88	n
9486830	2368	1485	5.30	0.96	n
9496846	2368	1486	5.30	0.88	n
9506862	2368	1487	5.30	0.79	n
9516878	2367	1487	5.39	0.79	n
9526896	2368	1485	5.30	0.96	n
9536912	2364	1486	5.64	0.88	n
9546929	2367	1487	5.39	0.79	n
9556946	2366	1486	5.47	0.88	n
9566962	2366	1487	5.47	0.79	n
9576978	2368	1486	5.30	0.88	n
9586994	2367	1485	5.39	0.96	n
9597010	2368	1486	5.30	0.88	n
9607026	2367	1485	5.39	0.96	n
9617042	2366	1486	5.47	0.88	n
9627059	2368	1488	5.30	0.71	n
9637075	2367	1485	5.39	0.96	n
9647091	2368	1488	5.30	0.71	n
9657107	2367	1487	5.39	0.79	n
9667124	2367	1485	5.39	0.96	n
9677140	2366	1485	5.47	0.96	n
9687157	2367	1486	5.39	0.88	n
9697173	2368	1487	5.30	0.79	n
9707190	2368	1486	5.30	0.88	n
9717207	2367	1485	5.39	0.96	n
9727224	2367	1487	5.39	0.79	n
9737240	2366	1487	5.47	0.79	n
9747256	2368	1486	5.30	0.88	n
9757273	2366	1485	5.47	0.96	n
9767290	2367	1487	5.39	0.79	n
9777306	2368	1487	5.30	0.79	n
9787323	2367	1487	5.39	0.79	n
9797340	2368	1486	5.30	0.88	n
9807358	2368	1485	5.30	0.96	n
9817374	2367	1486	5.39	0.88	n
9827390	2367	1488	5.39	0.71	n
9837406	2367	1486	5.39	0.88	n
9847422	2365	1486	5.55	0.88	n
9857439	2367	1488	5.39	0.71	n
9867456	2367	1486	5.39	0.88	n
9877473	2367	1487	5.39	0.79	n
9887490	2368	1486	5.30	0.88	n
9897513	2367	1487	5.39	0.79	n
9907530	2369	1486	5.22	0.88	n
9917547	2369	1487	5.22	0.79	n
9927563	2367	1486	5.39	0.88	n
9937580	2367	1484	5.39	1.04	n
9947597	2366	1487	5.47	0.79	n
9957614	2367	1487	5.39	0.79	n
9967630	2365	1486	5.55	0.88	n
9977651	2367	1487	5.39	0.79	n
9987669	2367	1486	5.39	0.88	n
9997687	2367	1487	5.39	0.79	n
10007704	2368	1486	5.30	0.88	Time:00:00:00:00;;
10017721	2367	1486	5.39	0.88	n
10027738	2369	1487	5.22	0.79	n
10037754	2367	1487	5.39	0.79	n
10047772	2367	1486	5.39	0.88	n
10057788	2368	1487	5.30	0.79	n
10067805	2366	1486	5.47	0.88	Time:00:00:00:00;;
10077822	2367	1487	5.39	0.79	n
10087838	2367	1487	5.39	0.79	n
10097855	2366	1486	5.47	0.88	n
10107871	2366	1486	5.47	0.88	n
10117887	2368	1486	5.30	0.88	n
10127904	2367	1487	5.39	0.79	n
10137922	2367	1485	5.39	0.96	n
10147939	2368	1485	5.30	0.96	n
10157956	2368	1488	5.30	0.71	n
10167973	2366	1486	5.47	0.88	n
10177990	2367	1485	5.39	0.96	n
10188010	2367	1487	5.39	0.79	n
10198026	2365	1486	5.55	0.88	n
10208043	2367	1486	5.39	0.88	n
10218060	2367	1485	5.39	0.96	Time:00:00:00:00;;
10228076	2365	1486	5.55	0.88	n
10238093	2367	1486	5.39	0.88	n
10248110	2368	1485	5.30	0.96	n
10258127	2367	1486	5.39	0.88	n
10268143	2367	1487	5.39	0.79	n
10278160	2367	1486	5.39	0.88	n
10288176	2365	1487	5.55	0.79	n
10298193	2367	1487	5.39	0.79	n
10308209	2367	1485	5.39	0.96	n
10318225	2365	1486	5.55	0.88	n
10328242	2367	1485	5.39	0.96	n
10338259	2366	1485	5.47	0.96	n
10348275	2367	1486	5.39	0.88	n
10358292	2368	1487	5.30	0.79	n
10368308	2368	1487	5.30	0.79	n
10378324	2367	1486	5.39	0.88	n
10388341	2367	1487	5.39	0.79	n
10398358	2367	1487	5.39	0.79	n
10408375	2365	1484	5.55	1.04	n
10418391	2366	1485	5.47	0.96	n
10428408	2368	1485	5.30	0.96	n
10438425	2367	1486	5.39	0.88	n
10448441	2366	1487	5.47	0.79	n
10458457	2367	1485	5.39	0.96	n
10468474	2366	1487	5.47	0.79	n
10478490	2367	1486	5.39	0.88	n
10488508	2367	1486	5.39	0.88	n
10498526	2367	1486	5.39	0.88	n
10508543	2367	1486	5.39	0.88	n
10518560	2367	1485	5.39	0.96	n
10528578	2367	1487	5.39	0.79	n
10538595	2365	1485	5.55	0.96	n
10548612	2367	1483	5.39	1.12	n
10558629	2367	1487	5.39	0.79	n
10568651	2367	1485	5.39	0.96	n
10578669	2366	1486	5.47	0.88	n
10588687	2368	1487	5.30	0.79	n
10598704	2368	1487	5.30	0.79	n
10608720	2367	1487	5.39	0.79	n
10618737	2367	1486	5.39	0.88	n
10628754	2367	1487	5.39	0.79	n
10638771	2368	1487	5.30	0.79	n
10648787	2366	1487	5.47	0.79	n
10658804	2366	1487	5.47	0.79	n
10668821	2367	1487	5.39	0.79	n
10678838	2368	1485	5.30	0.96	n
10688854	2366	1486	5.47	0.88	n
10698871	2368	1487	5.30	0.79	n
10708888	2366	1488	5.47	0.71	n
10718904	2367	1486	5.39	0.88	n
10728921	2368	1486	5.30	0.88	n
10738938	2367	1487	5.39	0.79	n
10748955	2367	1487	5.39	0.79	n
10758973	2368	1486	5.30	0.88	n
10768989	2368	1487	5.30	0.79	n
10779005	2368	1487	5.30	0.79	n
10789021	2368	1486	5.30	0.88	n
10799039	2368	1487	5.30	0.79	n
10809056	2367	1487	5.39	0.79	n
10819072	2368	1488	5.30	0.71	n
10829089	2367	1487	5.39	0.79	n
10839105	2367	1487	5.39	0.79	n
10849122	2369	1487	5.22	0.79	n
10859139	2367	1485	5.39	0.96	n
10869156	2366	1487	5.47	0.79	n
10879173	2367	1486	5.39	0.88	n
10889190	2368	1487	5.30	0.79	n
10899206	2367	1487	5.39	0.79	n
10909223	2367	1486	5.39	0.88	n
10919239	2367	1487	5.39	0.79	n
10929257	2368	1486	5.30	0.88	n
10939273	2368	1486	5.30	0.88	n
10949289	2367	1485	5.39	0.96	n
10959305	2367	1485	5.39	0.96	n
10969323	2367	1486	5.39	0.88	n
10979339	2367	1486	5.39	0.88	n
10989356	2367	1487	5.39	0.79	n
10999373	2368	1486	5.30	0.88	n
11009389	2367	1487	5.39	0.79	Time:00:00:00:00;;
11019405	2368	1487	5.30	0.79	n
11029422	2368	1486	5.30	0.88	n
11039438	2367	1488	5.39	0.71	n
11049458	2365	1487	5.55	0.79	n
11059475	2365	1485	5.55	0.96	Time:00:00:00:00;;
11069492	2365	1487	5.55	0.79	n
11079512	2367	1486	5.39	0.88	n
11089529	2366	1486	5.47	0.88	n
11099545	2366	1488	5.47	0.71	n
11109563	2369	1486	5.22	0.88	n
11119579	2367	1486	5.39	0.88	n
11129606	2368	1485	5.30	0.96	n
11139622	2368	1486	5.30	0.88	n
11149644	2367	1487	5.39	0.79	n
11159661	2367	1487	5.39	0.79	n
11169677	2366	1486	5.47	0.88	n
11179694	2366	1487	5.47	0.79	n
11189710	2367	1485	5.39	0.96	n
11199726	2366	1487	5.47	0.79	n
11209743	2367	1485	5.39	0.96	n
11219759	2366	1486	5.47	0.88	Time:00:00:00:00;;
11229775	2367	1486	5.39	0.88	n
11239791	2365	1485	5.55	0.96	n
11249807	2367	1485	5.39	0.96	n
11259824	2363	1486	5.72	0.88	n
11269841	2367	1485	5.39	0.96	n
11279858	2366	1485	5.47	0.96	n
11289874	2367	1485	5.39	0.96	n
11299891	2367	1485	5.39	0.96	n
11309908	2368	1486	5.30	0.88	n
11319925	2368	1487	5.30	0.79	n
11329942	2367	1486	5.39	0.88	n
11339959	2368	1486	5.30	0.88	n
11349975	2365	1486	5.55	0.88	n
11359993	2366	1486	5.47	0.88	n
11370009	2366	1485	5.47	0.96	n
11380025	2368	1486	5.30	0.88	n
11390041	2368	1485	5.30	0.96	n
11400058	2367	1487	5.39	0.79	n
11410075	2367	1486	5.39	0.88	n
11420091	2367	1485	5.39	0.96	n
11430107	2366	1486	5.47	0.88	n
11440124	2368	1488	5.30	0.71	n
11450140	2367	1487	5.39	0.79	n
11460158	2365	1486	5.55	0.88	n
11470175	2367	1488	5.39	0.71	n
11480191	2368	1486	5.30	0.88	n
11490207	2368	1487	5.30	0.79	n
11500224	2366	1486	5.47	0.88	n
11510240	2368	1486	5.30	0.88	n
11520256	2367	1487	5.39	0.79	n
11530272	2367	1488	5.39	0.71	n
11540290	2367	1487	5.39	0.79	n
11550306	2367	1487	5.39	0.79	n
11560323	2369	1487	5.22	0.79	n
11570340	2367	1485	5.39	0.96	n
11580358	2369	1487	5.22	0.79	n
11590375	2367	1487	5.39	0.79	n
11600391	2367	1487	5.39	0.79	n
11610408	2366	1487	5.47	0.79	n
11620424	2369	1485	5.22	0.96	n
11630441	2368	1488	5.30	0.71	n
11640457	2366	1485	5.47	0.96	n
11650474	2365	1485	5.55	0.96	n
11660490	2367	1487	5.39	0.79	n
11670513	2367	1486	5.39	0.88	n
11680529	2368	1486	5.30	0.88	n
11690546	2367	1486	5.39	0.88	n
11700562	2367	1486	5.39	0.88	n
11710579	2368	1487	5.30	0.79	n
11720595	2365	1486	5.55	0.88	n
11730611	2367	1487	5.39	0.79	n
11740628	2366	1485	5.47	0.96	n
11750650	2367	1485	5.39	0.96	n
11760666	2366	1486	5.47	0.88	n
11770683	2366	1485	5.47	0.96	n
11780700	2367	1486	5.39	0.88	n
11790717	2366	1485	5.47	0.96	n
11800733	2368	1486	5.30	0.88	n
11810751	2368	1487	5.30	0.79	n
11820767	2369	1487	5.22	0.79	n
11830783	2366	1485	5.47	0.96	n
11840800	2364	1485	5.64	0.96	n
11850817	2366	1487	5.47	0.79	n
11860833	2366	1486	5.47	0.88	n
11870850	2367	1486	5.39	0.88	n
11880866	2366	1487	5.47	0.79	n
11890883	2367	1485	5.39	0.96	n
11900899	2366	1487	5.47	0.79	n
11910915	2367	1487	5.39	0.79	n
11920931	2367	1485	5.39	0.96	n
11930949	2369	1485	5.22	0.96	n
11940966	2367	1485	5.39	0.96	n
11950982	2367	1486	5.39	0.88	n
11960998	2366	1486	5.47	0.88	n
11971015	2366	1488	5.47	0.71	n
11981032	2367	1484	5.39	1.04	n
11991049	2367	1486	5.39	0.88	n
12001066	2365	1486	5.55	0.88	n
12011083	2367	1487	5.39	0.79	Time:00:00:00:00;;
12021099	2367	1487	5.39	0.79	n
12031115	2368	1486	5.30	0.88	n
12041133	2367	1487	5.39	0.79	n
12051149	2367	1485	5.39	0.96	n
12061165	2366	1485	5.47	0.96	Time:00:00:00:00;;
12071181	2367	1486	5.39	0.88	n
12081197	2367	1487	5.39	0.79	n
12091215	2367	1487	5.39	0.79	n
12101231	2368	1486	5.30	0.88	n
12111248	2368	1485	5.30	0.96	n
12121274	2367	1486	5.39	0.88	n
12131290	2366	1486	5.47	0.88	n
12141306	2366	1486	5.47	0.88	n
12151323	2366	1486	5.47	0.88	n
12161340	2368	1488	5.30	0.71	n
12171357	2367	1487	5.39	0.79	n
12181373	2366	1486	5.47	0.88	n
12191390	2367	1487	5.39	0.79	n
12201407	2367	1487	5.39	0.79	n
12211423	2367	1483	5.39	1.12	Time:00:00:00:00;;
12221441	2367	1487	5.39	0.79	n
12231457	2367	1485	5.39	0.96	n
12241474	2367	1487	5.39	0.79	n
12251490	2368	1485	5.30	0.96	n
12261513	2367	1486	5.39	0.88	n
12271529	2367	1487	5.39	0.79	n
12281545	2367	1486	5.39	0.88	n
12291561	2368	1485	5.30	0.96	n
12301577	2366	1487	5.47	0.79	n
12311593	2367	1487	5.39	0.79	n
12321610	2367	1483	5.39	1.12	n
12331627	2367	1487	5.39	0.79	n
12341648	2367	1485	5.39	0.96	n
12351665	2367	1485	5.39	0.96	n
12361681	2367	1486	5.39	0.88	n
12371698	2366	1486	5.47	0.88	n
12381714	2366	1486	5.47	0.88	n
12391731	2367	1487	5.39	0.79	n
12401747	2367	1486	5.39	0.88	n
12411763	2366	1487	5.47	0.79	n
12421780	2367	1487	5.39	0.79	n
12431796	2366	1487	5.47	0.79	n
12441813	2367	1485	5.39	0.96	n
12451829	2367	1486	5.39	0.88	n
12461845	2367	1487	5.39	0.79	n
12471862	2366	1486	5.47	0.88	n
12481878	2367	1485	5.39	0.96	n
12491896	2367	1486	5.39	0.88	n
12501913	2368	1486	5.30	0.88	n
12511930	2366	1485	5.47	0.96	n
12521947	2368	1487	5.30	0.79	n
12531963	2366	1485	5.47	0.96	n
12541980	2367	1485	5.39	0.96	n
12551996	2366	1486	5.47	0.88	n
12562013	2367	1486	5.39	0.88	n
12572030	2368	1486	5.30	0.88	n
12582048	2367	1486	5.39	0.88	n
12592064	2367	1488	5.39	0.71	n
12602080	2368	1485	5.30	0.96	n
12612096	2367	1485	5.39	0.96	n
12622113	2366	1486	5.47	0.88	n
12632129	2366	1486	5.47	0.88	n
12642147	2367	1487	5.39	0.79	n
12652164	2366	1487	5.47	0.79	n
12662182	2366	1485	5.47	0.96	n
12672198	2367	1486	5.39	0.88	n
12682215	2366	1487	5.47	0.79	n
12692231	2367	1486	5.39	0.88	n
12702248	2367	1487	5.39	0.79	n
12712264	2367	1486	5.39	0.88	n
12722281	2366	1486	5.47	0.88	n
12732298	2366	1486	5.47	0.88	n
12742315	2367	1488	5.39	0.71	n
12752331	2368	1486	5.30	0.88	n
12762348	2367	1486	5.39	0.88	n
12772365	2368	1485	5.30	0.96	n
12782382	2367	1486	5.39	0.88	n
12792400	2367	1485	5.39	0.96	n
12802417	2367	1485	5.39	0.96	n
12812434	2368	1485	5.30	0.96	n
12822450	2367	1485	5.39	0.96	n
12832467	2366	1485	5.47	0.96	n
12842483	2368	1487	5.30	0.79	n
12852500	2366	1486	5.47	0.88	n
12862519	2366	1487	5.47	0.79	n
12872536	2366	1485	5.47	0.96	n
12882552	2367	1486	5.39	0.88	n
12892568	2366	1485	5.47	0.96	n
12902585	2368	1486	5.30	0.88	n
12912603	2368	1486	5.30	0.88	n
12922620	2367	1485	5.39	0.96	n
12932642	2367	1486	5.39	0.88	n
12942658	2367	1485	5.39	0.96	n
12952675	2367	1488	5.39	0.71	n
12962692	2367	1486	5.39	0.88	n
12972709	2367	1487	5.39	0.79	n
12982725	2368	1487	5.30	0.79	n
12992743	2365	1485	5.55	0.96	n
13002760	2367	1487	5.39	0.79	Time:00:00:00:00;;
13012776	2367	1487	5.39	0.79	n
13022792	2367	1485	5.39	0.96	n
13032809	2367	1485	5.39	0.96	n
13042826	2368	1487	5.30	0.79	n
13052843	2368	1486	5.30	0.88	n
13062859	2367	1486	5.39	0.88	Time:00:00:00:00;;
13072875	2367	1485	5.39	0.96	n
13082892	2368	1487	5.30	0.79	n
13092909	2367	1486	5.39	0.88	n
13102926	2367	1487	5.39	0.79	n
13112943	2368	1487	5.30	0.79	n
13122960	2365	1485	5.55	0.96	n
13132976	2367	1487	5.39	0.79	n
13142993	2368	1487	5.30	0.79	n
13153011	2366	1485	5.47	0.96	n
13163027	2367	1488	5.39	0.71	n
13173043	2366	1486	5.47	0.88	n
13183060	2367	1487	5.39	0.79	n
13193078	2368	1487	5.30	0.79	n
13203094	2368	1487	5.30	0.79	n
13213110	2368	1486	5.30	0.88	Time:00:00:00:00;;
13223126	2368	1486	5.30	0.88	n
13233143	2367	1488	5.39	0.71	n
13243159	2367	1487	5.39	0.79	n
13253175	2367	1487	5.39	0.79	n
13263192	2367	1486	5.39	0.88	n
13273208	2368	1486	5.30	0.88	n
13283225	2366	1487	5.47	0.79	n
13293241	2365	1486	5.55	0.88	n
13303259	2366	1486	5.47	0.88	n
13313275	2367	1486	5.39	0.88	n
13323292	2365	1486	5.55	0.88	n
13333309	2369	1486	5.22	0.88	n
13343326	2368	1486	5.30	0.88	n
13353342	2367	1487	5.39	0.79	n
13363358	2367	1486	5.39	0.88	n
13373374	2367	1485	5.39	0.96	n
13383390	2367	1486	5.39	0.88	n
13393407	2367	1486	5.39	0.88	n
13403423	2368	1485	5.30	0.96	n
13413439	2368	1487	5.30	0.79	n
13423456	2366	1485	5.47	0.96	n
13433472	2367	1485	5.39	0.96	n
13443488	2369	1485	5.22	0.96	n
13453508	2367	1486	5.39	0.88	n
13463526	2367	1487	5.39	0.79	n
13473542	2365	1486	5.55	0.88	n
13483558	2367	1487	5.39	0.79	n
13493575	2367	1486	5.39	0.88	n
13503592	2367	1485	5.39	0.96	n
13513609	2367	1487	5.39	0.79	n
13523626	2368	1487	5.30	0.79	n
13533646	2367	1487	5.39	0.79	n
13543663	2367	1487	5.39	0.79	n
13553680	2367	1487	5.39	0.79	n
13563697	2367	1485	5.39	0.96	n
13573713	2367	1487	5.39	0.79	n
13583731	2367	1486	5.39	0.88	n
13593748	2368	1487	5.30	0.79	n
13603765	2368	1487	5.30	0.79	n
13613782	2367	1485	5.39	0.96	n
13623799	2367	1485	5.39	0.96	n
13633817	2367	1486	5.39	0.88	n
13643834	2367	1486	5.39	0.88	n
13653850	2367	1487	5.39	0.79	n
13663866	2368	1488	5.30	0.71	n
13673883	2368	1485	5.30	0.96	n
13683900	2367	1487	5.39	0.79	n
13693918	2367	1486	5.39	0.88	n
13703935	2367	1486	5.39	0.88	n
13713951	2367	1487	5.39	0.79	n
13723968	2367	1487	5.39	0.79	n
13733985	2367	1487	5.39	0.79	n
13744002	2367	1487	5.39	0.79	n
13754019	2368	1487	5.30	0.79	n
13764036	2367	1488	5.39	0.71	n
13774053	2367	1486	5.39	0.88	n
13784070	2366	1485	5.47	0.96	n
13794086	2368	1486	5.30	0.88	n
13804102	2367	1486	5.39	0.88	n
13814118	2367	1486	5.39	0.88	n
13824135	2367	1487	5.39	0.79	n
13834151	2369	1487	5.22	0.79	n
13844169	2368	1488	5.30	0.71	n
13854185	2367	1486	5.39	0.88	n
13864202	2368	1486	5.30	0.88	n
13874218	2366	1485	5.47	0.96	n
13884235	2366	1487	5.47	0.79	n
13894252	2367	1486	5.39	0.88	n
13904269	2365	1486	5.55	0.88	n
13914286	2367	1486	5.39	0.88	n
13924303	2366	1487	5.47	0.79	n
13934319	2368	1485	5.30	0.96	n
13944335	2367	1485	5.39	0.96	n
13954352	2366	1486	5.47	0.88	n
13964368	2368	1487	5.30	0.79	n
13974384	2366	1487	5.47	0.79	n
13984400	2367	1486	5.39	0.88	n
13994417	2366	1486	5.47	0.88	n
14004434	2367	1486	5.39	0.88	Time:00:00:00:00;;
14014450	2367	1486	5.39	0.88	n
14024466	2366	1485	5.47	0.96	n
14034483	2369	1485	5.22	0.96	n
14044500	2369	1487	5.22	0.79	n
14054519	2368	1486	5.30	0.88	n
14064537	2369	1487	5.22	0.79	Time:00:00:00:00;;
14074553	2367	1486	5.39	0.88	n
14084570	2367	1486	5.39	0.88	n
14094587	2367	1488	5.39	0.71	n
14104604	2368	1487	5.30	0.79	n
14114622	2367	1487	5.39	0.79	n
14124642	2369	1486	5.22	0.88	n
14134660	2367	1486	5.39	0.88	n
14144676	2368	1486	5.30	0.88	n
14154692	2367	1485	5.39	0.96	n
14164709	2367	1486	5.39	0.88	n
14174726	2366	1485	5.47	0.96	n
14184742	2368	1487	5.30	0.79	n
14194759	2367	1486	5.39	0.88	n
14204775	2367	1487	5.39	0.79	n
14214792	2367	1487	5.39	0.79	Time:00:00:00:00;;
14224809	2367	1486	5.39	0.88	n
14234825	2368	1485	5.30	0.96	n
14244841	2367	1485	5.39	0.96	n
14254858	2367	1485	5.39	0.96	n
14264875	2368	1487	5.30	0.79	n
14274891	2366	1486	5.47	0.88	n
14284908	2367	1487	5.39	0.79	n
14294924	2366	1486	5.47	0.88	n
14304941	2367	1487	5.39	0.79	n
14314958	2367	1485	5.39	0.96	n
14324975	2367	1486	5.39	0.88	n
14334992	2366	1486	5.47	0.88	n
14345009	2368	1486	5.30	0.88	n
14355026	2365	1486	5.55	0.88	n
14365042	2368	1487	5.30	0.79	n
14375059	2367	1488	5.39	0.71	n
14385076	2368	1485	5.30	0.96	n
14395092	2368	1486	5.30	0.88	n
14405109	2367	1485	5.39	0.96	n
14415126	2366	1485	5.47	0.96	n
14425143	2365	1486	5.55	0.88	n
14435160	2366	1485	5.47	0.96	n
14445176	2365	1487	5.55	0.79	n
14455193	2367	1487	5.39	0.79	n
14465209	2367	1485	5.39	0.96	n
14475226	2367	1487	5.39	0.79	n
14485243	2368	1487	5.30	0.79	n
14495259	2367	1487	5.39	0.79	n
14505275	2366	1486	5.47	0.88	n
14515291	2367	1486	5.39	0.88	n
14525307	2367	1486	5.39	0.88	n
14535323	2366	1486	5.47	0.88	n
14545340	2368	1487	5.30	0.79	n
14555356	2369	1486	5.22	0.88	n
14565372	2367	1485	5.39	0.96	n
14575388	2369	1485	5.22	0.96	n
14585404	2368	1486	5.30	0.88	n
14595421	2368	1485	5.30	0.96	n
14605438	2368	1487	5.30	0.79	n
14615454	2367	1486	5.39	0.88	n
14625470	2365	1485	5.55	0.96	n
14635486	2368	1486	5.30	0.88	n
14645509	2368	1487	5.30	0.79	n
14655526	2368	1485	5.30	0.96	n
14665543	2367	1486	5.39	0.88	n
14675560	2367	1487	5.39	0.79	n
14685578	2367	1486	5.39	0.88	n
14695595	2367	1485	5.39	0.96	n
14705611	2367	1486	5.39	0.88	n
14715628	2368	1487	5.30	0.79	n
14725649	2366	1485	5.47	0.96	n
14735666	2368	1485	5.30	0.96	n
14745683	2368	1486	5.30	0.88	n
14755699	2367	1485	5.39	0.96	n
14765715	2367	1485	5.39	0.96	n
14775732	2367	1486	5.39	0.88	n
14785749	2367	1487	5.39	0.79	n
14795766	2367	1485	5.39	0.96	n
14805784	2365	1487	5.55	0.79	n
14815800	2366	1485	5.47	0.96	n
14825817	2367	1486	5.39	0.88	n
14835833	2368	1487	5.30	0.79	n
14845849	2365	1486	5.55	0.88	n
14855866	2369	1487	5.22	0.79	n
14865882	2367	1487	5.39	0.79	n
14875899	2367	1487	5.39	0.79	n
14885916	2367	1486	5.39	0.88	n
14895933	2366	1485	5.47	0.96	n
14905950	2367	1487	5.39	0.79	n
14915967	2366	1488	5.47	0.71	n
14925983	2367	1487	5.39	0.79	n
14936000	2367	1487	5.39	0.79	n
14946016	2368	1487	5.30	0.79	n
14956032	2367	1487	5.39	0.79	n
14966050	2367	1487	5.39	0.79	n
14976067	2368	1485	5.30	0.96	n
14986084	2366	1487	5.47	0.79	n
14996101	2368	1487	5.30	0.79	n
15006118	2368	1486	5.30	0.88	Time:00:00:00:00;;
15016143	2368	1487	5.30	0.79	n
15026160	2368	1487	5.30	0.79	n
15036176	2369	1487	5.22	0.79	n
15046193	2369	1487	5.22	0.79	n
15056209	2367	1485	5.39	0.96	n
15066225	2368	1487	5.30	0.79	Time:00:00:00:00;;
15076242	2367	1487	5.39	0.79	n
15086258	2367	1488	5.39	0.71	n
15096275	2368	1487	5.30	0.79	n
15106291	2368	1487	5.30	0.79	n
15116307	2368	1487	5.30	0.79	n
15126323	2368	1487	5.30	0.79	n
15136340	2367	1487	5.39	0.79	n
15146357	2367	1485	5.39	0.96	n
15156374	2368	1487	5.30	0.79	n
15166390	2368	1487	5.30	0.79	n
15176407	2367	1487	5.39	0.79	n
15186425	2368	1487	5.30	0.79	n
15196441	2366	1488	5.47	0.71	n
15206458	2368	1485	5.30	0.96	n
15216475	2366	1487	5.47	0.79	Time:00:00:00:00;;
15226492	2368	1486	5.30	0.88	n
15236513	2367	1487	5.39	0.79	n
15246529	2367	1486	5.39	0.88	n
15256546	2367	1487	5.39	0.79	n
15266562	2368	1485	5.30	0.96	n
15276579	2367	1487	5.39	0.79	n
15286595	2367	1487	5.39	0.79	n
15296611	2368	1484	5.30	1.04	n
15306627	2367	1487	5.39	0.79	n
15316648	2368	1488	5.30	0.71	n
15326666	2366	1487	5.47	0.79	n
15336682	2368	1486	5.30	0.88	n
15346698	2368	1487	5.30	0.79	n
15356714	2368	1487	5.30	0.79	n
15366730	2367	1487	5.39	0.79	n
15376746	2368	1487	5.30	0.79	n
15386764	2368	1487	5.30	0.79	n
15396780	2368	1487	5.30	0.79	n
15406796	2368	1488	5.30	0.71	n
15416812	2368	1485	5.30	0.96	n
15426830	2366	1486	5.47	0.88	n
15436847	2368	1487	5.30	0.79	n
15446864	2367	1486	5.39	0.88	n
15456881	2368	1486	5.30	0.88	n
15466897	2368	1487	5.30	0.79	n
15476914	2367	1485	5.39	0.96	n
15486930	2368	1487	5.30	0.79	n
15496946	2367	1488	5.39	0.71	n
15506963	2367	1486	5.39	0.88	n
15516980	2368	1487	5.30	0.79	n
15526996	2369	1488	5.22	0.71	n
15537013	2368	1487	5.30	0.79	n
15547029	2367	1486	5.39	0.88	n
15557046	2367	1486	5.39	0.88	n
15567063	2367	1486	5.39	0.88	n
15577080	2368	1487	5.30	0.79	n
15587097	2368	1487	5.30	0.79	n
15597114	2368	1488	5.30	0.71	n
15607131	2368	1487	5.30	0.79	n
15617147	2367	1486	5.39	0.88	n
15627163	2367	1487	5.39	0.79	n
15637180	2368	1486	5.30	0.88	n
15647197	2367	1487	5.39	0.79	n
15657213	2369	1487	5.22	0.79	n
15667229	2367	1486	5.39	0.88	n
15677246	2368	1487	5.30	0.79	n
15687263	2367	1488	5.39	0.71	n
15697279	2367	1487	5.39	0.79	n
15707295	2366	1487	5.47	0.79	n
15717312	2368	1487	5.30	0.79	n
15727328	2369	1487	5.22	0.79	n
15737344	2367	1487	5.39	0.79	n
15747361	2369	1486	5.22	0.88	n
15757378	2368	1486	5.30	0.88	n
15767395	2367	1486	5.39	0.88	n
15777412	2368	1487	5.30	0.79	n
15787429	2368	1486	5.30	0.88	n
15797446	2367	1488	5.39	0.71	n
15807462	2367	1487	5.39	0.79	n
15817479	2369	1487	5.22	0.79	n
15827496	2366	1487	5.47	0.79	n
15837515	2368	1487	5.30	0.79	n
15847533	2367	1487	5.39	0.79	n
15857550	2368	1487	5.30	0.79	n
15867567	2367	1486	5.39	0.88	n
15877584	2368	1486	5.30	0.88	n
15887600	2368	1486	5.30	0.88	n
15897616	2367	1486	5.39	0.88	n
15907633	2366	1486	5.47	0.88	n
15917653	2368	1486	5.30	0.88	n
15927671	2367	1485	5.39	0.96	n
15937687	2367	1485	5.39	0.96	n
15947704	2369	1488	5.22	0.71	n
15957721	2367	1486	5.39	0.88	n
15967738	2365	1487	5.55	0.79	n
15977755	2370	1487	5.14	0.79	n
15987773	2368	1487	5.30	0.79	n
15997790	2367	1486	5.39	0.88	n
16007808	2367	1486	5.39	0.88	Time:00:00:00:00;;
16017825	2367	1486	5.39	0.88	n
16027841	2369	1487	5.22	0.79	n
16037858	2367	1486	5.39	0.88	n
16047876	2368	1487	5.30	0.79	n
16057892	2367	1485	5.39	0.96	n
16067908	2367	1486	5.39	0.88	Time:00:00:00:00;;
16077925	2368	1487	5.30	0.79	n
16087958	2368	1486	5.30	0.88	n
16097976	2368	1487	5.30	0.79	n
16107993	2368	1486	5.30	0.88	n
16118009	2368	1486	5.30	0.88	n
16128025	2367	1487	5.39	0.79	n
16138042	2367	1485	5.39	0.96	n
16148058	2369	1486	5.22	0.88	n
16158074	2368	1487	5.30	0.79	n
16168091	2368	1486	5.30	0.88	n
16178108	2368	1486	5.30	0.88	n
16188124	2367	1486	5.39	0.88	n
16198140	2368	1487	5.30	0.79	n
16208157	2369	1487	5.22	0.79	n
16218173	2369	1488	5.22	0.71	Time:00:00:00:00;;
16228189	2367	1487	5.39	0.79	n
16238205	2368	1487	5.30	0.79	n
16248221	2368	1488	5.30	0.71	n
16258237	2368	1487	5.30	0.79	n
16268254	2368	1487	5.30	0.79	n
16278271	2367	1487	5.39	0.79	n
16288288	2368	1486	5.30	0.88	n
16298304	2367	1486	5.39	0.88	n
16308320	2369	1485	5.22	0.96	n
16318336	2369	1487	5.22	0.79	n
16328352	2367	1485	5.39	0.96	n
16338368	2368	1486	5.30	0.88	n
16348384	2368	1487	5.30	0.79	n
16358401	2367	1486	5.39	0.88	n
16368418	2367	1487	5.39	0.79	n
16378434	2368	1486	5.30	0.88	n
16388450	2368	1486	5.30	0.88	n
16398468	2365	1486	5.55	0.88	n
16408484	2369	1487	5.22	0.79	n
16418503	2368	1487	5.30	0.79	n
16428520	2368	1487	5.30	0.79	n
16438536	2369	1487	5.22	0.79	n
16448552	2367	1485	5.39	0.96	n
16458569	2367	1487	5.39	0.79	n
16468586	2367	1487	5.39	0.79	n
16478603	2368	1487	5.30	0.79	n
16488619	2367	1487	5.39	0.79	n
16498636	2369	1488	5.22	0.71	n
16508656	2368	1486	5.30	0.88	n
16518674	2367	1486	5.39	0.88	n
16528690	2368	1487	5.30	0.79	n
16538706	2367	1486	5.39	0.88	n
16548723	2367	1485	5.39	0.96	n
16558740	2368	1487	5.30	0.79	n
16568757	2370	1488	5.14	0.71	n
16578775	2368	1487	5.30	0.79	n
16588791	2367	1487	5.39	0.79	n
16598808	2368	1487	5.30	0.79	n
16608824	2368	1487	5.30	0.79	n
16618840	2367	1484	5.39	1.04	n
16628857	2367	1487	5.39	0.79	n
16638873	2368	1486	5.30	0.88	n
16648889	2369	1488	5.22	0.71	n
16658906	2367	1486	5.39	0.88	n
16668923	2368	1487	5.30	0.79	n
16678939	2368	1488	5.30	0.71	n
16688955	2368	1487	5.30	0.79	n
16698971	2368	1488	5.30	0.71	n
16708988	2368	1487	5.30	0.79	n
16719004	2368	1486	5.30	0.88	n
16729020	2367	1487	5.39	0.79	n
16739037	2368	1487	5.30	0.79	n
16749053	2367	1488	5.39	0.71	n
16759069	2368	1487	5.30	0.79	n
16769086	2368	1487	5.30	0.79	n
16779102	2368	1486	5.30	0.88	n
16789119	2367	1486	5.39	0.88	n
16799135	2367	1487	5.39	0.79	n
16809151	2368	1486	5.30	0.88	n
16819168	2367	1485	5.39	0.96	n
16829185	2367	1487	5.39	0.79	n
16839202	2368	1487	5.30	0.79	n
16849219	2367	1487	5.39	0.79	n
16859237	2368	1486	5.30	0.88	n
16869254	2368	1487	5.30	0.79	n
16879270	2368	1486	5.30	0.88	n
16889287	2369	1485	5.22	0.96	n
16899303	2367	1486	5.39	0.88	n
16909319	2368	1488	5.30	0.71	n
16919335	2367	1486	5.39	0.88	n
16929351	2367	1486	5.39	0.88	n
16939369	2367	1485	5.39	0.96	n
16949385	2368	1486	5.30	0.88	n
16959401	2366	1485	5.47	0.96	n
16969418	2368	1487	5.30	0.79	n
16979435	2367	1487	5.39	0.79	n
16989452	2368	1487	5.30	0.79	n
16999469	2365	1487	5.55	0.79	n
17009485	2368	1487	5.30	0.79	Time:00:00:00:00;;
17019503	2367	1486	5.39	0.88	n
17029520	2368	1485	5.30	0.96	n
17039537	2367	1485	5.39	0.96	n
17049553	2367	1486	5.39	0.88	n
17059570	2367	1487	5.39	0.79	n
17069587	2367	1486	5.39	0.88	Time:00:00:00:00;;
17079604	2368	1486	5.30	0.88	n
17089621	2368	1486	5.30	0.88	n
17099642	2366	1485	5.47	0.96	n
17109659	2367	1488	5.39	0.71	n
17119675	2368	1487	5.30	0.79	n
17129691	2367	1487	5.39	0.79	n
17139707	2368	1487	5.30	0.79	n
17149724	2368	1485	5.30	0.96	n
17159740	2368	1485	5.30	0.96	n
17169757	2367	1487	5.39	0.79	n
17179774	2367	1487	5.39	0.79	n
17189791	2367	1485	5.39	0.96	n
17199807	2368	1487	5.30	0.79	n
17209824	2367	1488	5.39	0.71	n
17219840	2367	1487	5.39	0.79	Time:00:00:00:00;;
17229857	2367	1486	5.39	0.88	n
17239873	2368	1485	5.30	0.96	n
17249889	2370	1486	5.14	0.88	n
17259907	2369	1487	5.22	0.79	n
17269924	2368	1488	5.30	0.71	n
17279940	2368	1487	5.30	0.79	n
17289956	2368	1486	5.30	0.88	n
17299972	2367	1486	5.39	0.88	n
17309989	2367	1486	5.39	0.88	n
17320006	2367	1486	5.39	0.88	n
17330023	2367	1488	5.39	0.71	n
17340040	2367	1487	5.39	0.79	n
17350057	2368	1487	5.30	0.79	n
17360073	2368	1487	5.30	0.79	n
17370090	2368	1486	5.30	0.88	n
17380107	2367	1487	5.39	0.79	n
17390124	2368	1488	5.30	0.71	n
17400140	2367	1486	5.39	0.88	n
17410157	2367	1486	5.39	0.88	n
17420173	2368	1487	5.30	0.79	n
17430190	2367	1488	5.39	0.71	n
17440207	2368	1488	5.30	0.71	n
17450224	2369	1487	5.22	0.79	n
17460240	2368	1488	5.30	0.71	n
17470256	2368	1486	5.30	0.88	n
17480273	2368	1487	5.30	0.79	n
17490289	2367	1487	5.39	0.79	n
17500306	2368	1486	5.30	0.88	n
17510323	2367	1488	5.39	0.71	n
17520340	2368	1487	5.30	0.79	n
17530357	2368	1486	5.30	0.88	n
17540373	2367	1486	5.39	0.88	n
17550389	2369	1487	5.22	0.79	n
17560406	2367	1487	5.39	0.79	n
17570423	2368	1487	5.30	0.79	n
17580439	2368	1488	5.30	0.71	n
17590456	2368	1487	5.30	0.79	n
17600473	2368	1487	5.30	0.79	n
17610490	2368	1487	5.30	0.79	n
17620513	2368	1485	5.30	0.96	n
17630529	2367	1487	5.39	0.79	n
17640545	2369	1487	5.22	0.79	n
17650562	2367	1487	5.39	0.79	n
17660579	2368	1486	5.30	0.88	n
17670595	2367	1486	5.39	0.88	n
17680611	2368	1486	5.30	0.88	n
17690627	2368	1486	5.30	0.88	n
17700647	2367	1487	5.39	0.79	n
17710665	2369	1487	5.22	0.79	n
17720682	2367	1485	5.39	0.96	n
17730699	2369	1487	5.22	0.79	n
17740716	2367	1485	5.39	0.96	n
17750733	2368	1487	5.30	0.79	n
17760751	2367	1487	5.39	0.79	n
17770767	2367	1488	5.39	0.71	n
17780783	2369	1487	5.22	0.79	n
17790800	2368	1486	5.30	0.88	n
17800817	2368	1487	5.30	0.79	n
17810833	2368	1487	5.30	0.79	n
17820849	2368	1486	5.30	0.88	n
17830866	2368	1487	5.30	0.79	n
17840882	2367	1488	5.39	0.71	n
17850898	2368	1487	5.30	0.79	n
17860914	2369	1486	5.22	0.88	n
17870931	2368	1488	5.30	0.71	n
17880949	2367	1485	5.39	0.96	n
17890966	2367	1488	5.39	0.71	n
17900982	2368	1487	5.30	0.79	n
17910999	2368	1487	5.30	0.79	n
17921015	2368	1486	5.30	0.88	n
17931032	2367	1487	5.39	0.79	n
17941050	2366	1486	5.47	0.88	n
17951067	2367	1487	5.39	0.79	n
17961083	2368	1487	5.30	0.79	n
17971099	2368	1488	5.30	0.71	n
17981115	2368	1485	5.30	0.96	n
17991132	2370	1487	5.14	0.79	n
18001148	2368	1487	5.30	0.79	n
18011164	2368	1487	5.30	0.79	Time:00:00:00:00;;
18021181	2368	1485	5.30	0.96	n
18031197	2368	1487	5.30	0.79	n
18041213	2367	1487	5.39	0.79	n
18051229	2367	1486	5.39	0.88	n
18061246	2366	1486	5.47	0.88	Time:00:00:00:00;;
18071263	2367	1487	5.39	0.79	n
18081281	2368	1488	5.30	0.71	n
18091298	2368	1486	5.30	0.88	n
18101314	2367	1486	5.39	0.88	n
18111331	2367	1488	5.39	0.71	n
18121347	2368	1487	5.30	0.79	n
18131364	2368	1487	5.30	0.79	n
18141380	2367	1487	5.39	0.79	n
18151396	2369	1486	5.22	0.88	n
18161413	2367	1487	5.39	0.79	n
18171430	2369	1486	5.22	0.88	n
18181446	2367	1487	5.39	0.79	n
18191462	2367	1488	5.39	0.71	n
18201478	2367	1487	5.39	0.79	n
18211495	2367	1486	5.39	0.88	Time:00:00:00:00;;
18221515	2368	1487	5.30	0.79	n
18231532	2368	1486	5.30	0.88	n
18241549	2366	1486	5.47	0.88	n
18251566	2368	1487	5.30	0.79	n
18261582	2368	1486	5.30	0.88	n
18271600	2367	1487	5.39	0.79	n
18281617	2369	1487	5.22	0.79	n
18291634	2367	1485	5.39	0.96	n
18301655	2368	1485	5.30	0.96	n
18311671	2368	1487	5.30	0.79	n
18321687	2367	1487	5.39	0.79	n
18331704	2365	1488	5.55	0.71	n
18341721	2368	1487	5.30	0.79	n
18351738	2367	1487	5.39	0.79	n
18361755	2367	1486	5.39	0.88	n
18371773	2368	1486	5.30	0.88	n
18381790	2369	1488	5.22	0.71	n
18391806	2368	1488	5.30	0.71	n
18401822	2369	1487	5.22	0.79	n
18411838	2367	1487	5.39	0.79	n
18421855	2368	1487	5.30	0.79	n
18431872	2368	1486	5.30	0.88	n
18441888	2368	1487	5.30	0.79	n
18451905	2368	1487	5.30	0.79	n
18461921	2368	1486	5.30	0.88	n
18471937	2367	1487	5.39	0.79	n
18481954	2368	1487	5.30	0.79	n
18491970	2363	1487	5.72	0.79	n
18501987	2368	1487	5.30	0.79	n
18512003	2368	1487	5.30	0.79	n
18522019	2368	1487	5.30	0.79	n
18532035	2368	1487	5.30	0.79	n
18542052	2367	1486	5.39	0.88	n
18552069	2368	1488	5.30	0.71	n
18562086	2368	1487	5.30	0.79	n
18572102	2367	1487	5.39	0.79	n
18582118	2368	1488	5.30	0.71	n
18592134	2367	1487	5.39	0.79	n
18602150	2367	1487	5.39	0.79	n
18612167	2367	1486	5.39	0.88	n
18622184	2368	1486	5.30	0.88	n
18632202	2369	1486	5.22	0.88	n
18642218	2367	1487	5.39	0.79	n
18652235	2367	1487	5.39	0.79	n
18662251	2367	1486	5.39	0.88	n
18672268	2367	1485	5.39	0.96	n
18682284	2368	1486	5.30	0.88	n
18692300	2368	1486	5.30	0.88	n
18702316	2366	1487	5.47	0.79	n
18712333	2368	1486	5.30	0.88	n
18722349	2367	1486	5.39	0.88	n
18732366	2368	1487	5.30	0.79	n
18742382	2368	1486	5.30	0.88	n
18752400	2366	1486	5.47	0.88	n
18762417	2368	1485	5.30	0.96	n
18772434	2367	1485	5.39	0.96	n
18782450	2367	1485	5.39	0.96	n
18792467	2365	1486	5.55	0.88	n
18802483	2368	1485	5.30	0.96	n
18812500	2368	1487	5.30	0.79	n
18822519	2366	1485	5.47	0.96	n
18832536	2367	1486	5.39	0.88	n
18842552	2366	1486	5.47	0.88	n
18852568	2367	1487	5.39	0.79	n
18862584	2367	1486	5.39	0.88	n
18872601	2367	1487	5.39	0.79	n
18882617	2368	1487	5.30	0.79	n
18892634	2367	1486	5.39	0.88	n
18902655	2367	1486	5.39	0.88	n
18912671	2367	1487	5.39	0.79	n
18922688	2365	1488	5.55	0.71	n
18932705	2367	1487	5.39	0.79	n
18942722	2368	1485	5.30	0.96	n
18952739	2368	1487	5.30	0.79	n
18962756	2368	1488	5.30	0.71	n
18972773	2367	1487	5.39	0.79	n
18982790	2368	1487	5.30	0.79	n
18992807	2368	1486	5.30	0.88	n
